Description:
	Nichia Light Emitting Diode (LED): NSPU510CS
	http://www.nichia.co.jp/en/product/uvled.html
	UVA Illuminant
	Relative spectral power distributions [S(lambda)] for wavelengths lambda = 300 nm to 830 nm at 1 nm intervals
End
Spectrum:
	300	0.0000
	301	0.0000
	302	0.0000
	303	0.0000
	304	0.0000
	305	0.0000
	306	0.0000
	307	0.0000
	308	0.0000
	309	0.0000
	310	0.0000
	311	0.0000
	312	0.0000
	313	0.0000
	314	0.0000
	315	0.0000
	316	0.0000
	317	0.0000
	318	0.0000
	319	0.0000
	320	0.0000
	321	0.0000
	322	0.0000
	323	0.0000
	324	0.0000
	325	0.0000
	326	0.0000
	327	0.0000
	328	0.0000
	329	0.0000
	330	0.0000
	331	0.0000
	332	0.0000
	333	0.0000
	334	0.0000
	335	0.0000
	336	0.0000
	337	0.0000
	338	0.0000
	339	0.0000
	340	0.5680
	341	0.5680
	342	0.5680
	343	0.5680
	344	0.5680
	345	0.5674
	346	0.6369
	347	0.6390
	348	0.7086
	349	0.7100
	350	0.7100
	351	0.8492
	352	0.8520
	353	0.8520
	354	0.8368
	355	0.9937
	356	0.9940
	357	0.9883
	358	1.1788
	359	1.4200
	360	1.7563
	361	2.0770
	362	2.6265
	363	3.1460
	364	3.9889
	365	5.6078
	366	7.5031
	367	11.3097
	368	15.6161
	369	23.6465
	370	33.3331
	371	45.4288
	372	61.3967
	373	76.3091
	374	87.6737
	375	97.4552
	376	93.4376
	377	85.6273
	378	75.4104
	379	63.4575
	380	52.7568
	381	44.5926
	382	37.0097
	383	31.6682
	384	26.6727
	385	22.3096
	386	18.0364
	387	14.7320
	388	12.2400
	389	9.9408
	390	8.6154
	391	7.3920
	392	6.3906
	393	5.5394
	394	4.8520
	395	4.1894
	396	3.6518
	397	3.0226
	398	2.5561
	399	2.2841
	400	1.9493
	401	1.7043
	402	1.5540
	403	1.4162
	404	1.2780
	405	1.1386
	406	1.0360
	407	0.9940
	408	0.8547
	409	0.8492
	410	0.7100
	411	0.7100
	412	0.7150
	413	0.6390
	414	0.6390
	415	0.6389
	416	0.5682
	417	0.5679
	418	0.5680
	419	0.5680
	420	0.5680
	421	0.5680
	422	0.5680
	423	0.4969
	424	0.4969
	425	0.4969
	426	0.4259
	427	0.4259
	428	0.4259
	429	0.4259
	430	0.4259
	431	0.0000
	432	0.0000
	433	0.0000
	434	0.0000
	435	0.0000
	436	0.0000
	437	0.0000
	438	0.0000
	439	0.0000
	440	0.0000
	441	0.0000
	442	0.0000
	443	0.0000
	444	0.0000
	445	0.0000
	446	0.0000
	447	0.0000
	448	0.0000
	449	0.0000
	450	0.0000
	451	0.0000
	452	0.0000
	453	0.0000
	454	0.0000
	455	0.0000
	456	0.0000
	457	0.0000
	458	0.0000
	459	0.0000
	460	0.0000
	461	0.0000
	462	0.0000
	463	0.0000
	464	0.0000
	465	0.0000
	466	0.0000
	467	0.0000
	468	0.0000
	469	0.0000
	470	0.0000
	471	0.0000
	472	0.0000
	473	0.0000
	474	0.0000
	475	0.0000
	476	0.0000
	477	0.0000
	478	0.0000
	479	0.0000
	480	0.0000
	481	0.0000
	482	0.0000
	483	0.0000
	484	0.0000
	485	0.0000
	486	0.0000
	487	0.0000
	488	0.0000
	489	0.0000
	490	0.0000
	491	0.0000
	492	0.0000
	493	0.0000
	494	0.0000
	495	0.0000
	496	0.0000
	497	0.0000
	498	0.0000
	499	0.0000
	500	0.0000
	501	0.0000
	502	0.0000
	503	0.0000
	504	0.0000
	505	0.0000
	506	0.0000
	507	0.0000
	508	0.0000
	509	0.0000
	510	0.0000
	511	0.0000
	512	0.0000
	513	0.0000
	514	0.0000
	515	0.0000
	516	0.0000
	517	0.0000
	518	0.0000
	519	0.0000
	520	0.0000
	521	0.0000
	522	0.0000
	523	0.0000
	524	0.0000
	525	0.0000
	526	0.0000
	527	0.0000
	528	0.0000
	529	0.0000
	530	0.0000
	531	0.0000
	532	0.0000
	533	0.0000
	534	0.0000
	535	0.0000
	536	0.0000
	537	0.0000
	538	0.0000
	539	0.0000
	540	0.0000
	541	0.0000
	542	0.0000
	543	0.0000
	544	0.0000
	545	0.0000
	546	0.0000
	547	0.0000
	548	0.0000
	549	0.0000
	550	0.0000
	551	0.0000
	552	0.0000
	553	0.0000
	554	0.0000
	555	0.0000
	556	0.0000
	557	0.0000
	558	0.0000
	559	0.0000
	560	0.0000
	561	0.0000
	562	0.0000
	563	0.0000
	564	0.0000
	565	0.0000
	566	0.0000
	567	0.0000
	568	0.0000
	569	0.0000
	570	0.0000
	571	0.0000
	572	0.0000
	573	0.0000
	574	0.0000
	575	0.0000
	576	0.0000
	577	0.0000
	578	0.0000
	579	0.0000
	580	0.0000
	581	0.0000
	582	0.0000
	583	0.0000
	584	0.0000
	585	0.0000
	586	0.0000
	587	0.0000
	588	0.0000
	589	0.0000
	590	0.0000
	591	0.0000
	592	0.0000
	593	0.0000
	594	0.0000
	595	0.0000
	596	0.0000
	597	0.0000
	598	0.0000
	599	0.0000
	600	0.0000
	601	0.0000
	602	0.0000
	603	0.0000
	604	0.0000
	605	0.0000
	606	0.0000
	607	0.0000
	608	0.0000
	609	0.0000
	610	0.0000
	611	0.0000
	612	0.0000
	613	0.0000
	614	0.0000
	615	0.0000
	616	0.0000
	617	0.0000
	618	0.0000
	619	0.0000
	620	0.0000
	621	0.0000
	622	0.0000
	623	0.0000
	624	0.0000
	625	0.0000
	626	0.0000
	627	0.0000
	628	0.0000
	629	0.0000
	630	0.0000
	631	0.0000
	632	0.0000
	633	0.0000
	634	0.0000
	635	0.0000
	636	0.0000
	637	0.0000
	638	0.0000
	639	0.0000
	640	0.0000
	641	0.0000
	642	0.0000
	643	0.0000
	644	0.0000
	645	0.0000
	646	0.0000
	647	0.0000
	648	0.0000
	649	0.0000
	650	0.0000
	651	0.0000
	652	0.0000
	653	0.0000
	654	0.0000
	655	0.0000
	656	0.0000
	657	0.0000
	658	0.0000
	659	0.0000
	660	0.0000
	661	0.0000
	662	0.0000
	663	0.0000
	664	0.0000
	665	0.0000
	666	0.0000
	667	0.0000
	668	0.0000
	669	0.0000
	670	0.0000
	671	0.0000
	672	0.0000
	673	0.0000
	674	0.0000
	675	0.0000
	676	0.0000
	677	0.0000
	678	0.0000
	679	0.0000
	680	0.0000
	681	0.0000
	682	0.0000
	683	0.0000
	684	0.0000
	685	0.0000
	686	0.0000
	687	0.0000
	688	0.0000
	689	0.0000
	690	0.0000
	691	0.0000
	692	0.0000
	693	0.0000
	694	0.0000
	695	0.0000
	696	0.0000
	697	0.0000
	698	0.0000
	699	0.0000
	700	0.0000
	701	0.0000
	702	0.0000
	703	0.0000
	704	0.0000
	705	0.0000
	706	0.0000
	707	0.0000
	708	0.0000
	709	0.0000
	710	0.0000
	711	0.0000
	712	0.0000
	713	0.0000
	714	0.0000
	715	0.0000
	716	0.0000
	717	0.0000
	718	0.0000
	719	0.0000
	720	0.0000
	721	0.0000
	722	0.0000
	723	0.0000
	724	0.0000
	725	0.0000
	726	0.0000
	727	0.0000
	728	0.0000
	729	0.0000
	730	0.0000
	731	0.0000
	732	0.0000
	733	0.0000
	734	0.0000
	735	0.0000
	736	0.0000
	737	0.0000
	738	0.0000
	739	0.0000
	740	0.0000
	741	0.0000
	742	0.0000
	743	0.0000
	744	0.0000
	745	0.0000
	746	0.0000
	747	0.0000
	748	0.0000
	749	0.0000
	750	0.0000
	751	0.0000
	752	0.0000
	753	0.0000
	754	0.0000
	755	0.0000
	756	0.0000
	757	0.0000
	758	0.0000
	759	0.0000
	760	0.0000
	761	0.0000
	762	0.0000
	763	0.0000
	764	0.0000
	765	0.0000
	766	0.0000
	767	0.0000
	768	0.0000
	769	0.0000
	770	0.0000
	771	0.0000
	772	0.0000
	773	0.0000
	774	0.0000
	775	0.0000
	776	0.0000
	777	0.0000
	778	0.0000
	779	0.0000
	780	0.0000
	781	0.0000
	782	0.0000
	783	0.0000
	784	0.0000
	785	0.0000
	786	0.0000
	787	0.0000
	788	0.0000
	789	0.0000
	790	0.0000
	791	0.0000
	792	0.0000
	793	0.0000
	794	0.0000
	795	0.0000
	796	0.0000
	797	0.0000
	798	0.0000
	799	0.0000
	800	0.0000
	801	0.0000
	802	0.0000
	803	0.0000
	804	0.0000
	805	0.0000
	806	0.0000
	807	0.0000
	808	0.0000
	809	0.0000
	810	0.0000
	811	0.0000
	812	0.0000
	813	0.0000
	814	0.0000
	815	0.0000
	816	0.0000
	817	0.0000
	818	0.0000
	819	0.0000
	820	0.0000
	821	0.0000
	822	0.0000
	823	0.0000
	824	0.0000
	825	0.0000
	826	0.0000
	827	0.0000
	828	0.0000
	829	0.0000
	830	0.0000
End
